>C575467
[Domain 1]      17      311
F48213  63001   19      121     38.83
F48213  213479  23      174     35.53
F48213  414221  17      142     30.95
F48213  773093  19      166     36.49
F48213  786522  14      135     33.33
F48213  1046708 6       125     34.17
F48213  1055442 6       142     30.66
F24113  225724  19      280     33.21
F24113  723423  19      399     32.99
F24113  763025  19      327     32.69
F24113  867023  19      295     36.46
F24113  978947  7       333     38.23
F24113  1059582 13      273     31.03
F6107   763702  56      162     32.71
F6107   789589  23      175     33.33
F6107   874518  54      208     35.03
F35306  901988  58      228     32.75
F50429  352487  130     308     33.52
F50429  760628  138     232     30.53
F50429  801869  115     296     34.43
F50429  1039226 154     272     31.09
[Domain 2]      365     589
F44347  419139  382     595     36.21
F44347  983764  348     583     35.55
>C383931
[Domain 1]      1       288
F24113  225724  1       256     34.77
F24113  723423  1       375     37.83
F24113  763025  1       310     35.81
F24113  867023  1       269     43.12
F24113  978947  1       308     40.97
F24113  1059582 1       248     39.11
F48213  63001   1       97      40.21
F48213  213479  1       149     43.62
F48213  339145  3       94      32.61
F48213  773093  1       141     45.39
F48213  786522  1       111     39.64
F48213  1046708 3       100     41.84
F48213  1055442 3       122     39.17
F6107   763702  34      138     40
F6107   789589  1       159     35.8
F6107   874518  32      185     34.62
F35306  901988  36      222     36.36
F50429  352487  106     283     42.7
F50429  801869  90      271     38.25
F50429  1039226 124     246     30.89
[Domain 2]      340     551
F44347  419139  357     556     33.47
F44347  983764  323     546     37.07
>C616388
[Domain 1]      89      385
F24113  225724  89      353     36.6
F24113  723423  94      471     34.56
F24113  763025  89      408     36.25
F24113  867023  89      366     40.29
F24113  978947  81      405     39.14
F24113  1059582 88      345     33.33
F48213  63001   94      193     37
F48213  213479  98      246     41.61
F48213  414221  94      214     30.58
F48213  773093  83      238     36.88
F48213  786522  89      208     39.17
F48213  1046708 86      197     39.29
F48213  1055442 83      215     36.09
F6107   763702  131     235     31.43
F6107   789589  98      253     32.28
F6107   874518  129     284     32.5
F35306  901988  133     300     38.1
F50429  352487  207     380     35.63
F50429  760628  209     304     33.33
F50429  801869  188     368     37.71
F50429  1039226 226     344     31.09
[Domain 2]      437     661
F44347  419139  454     669     32.81
F44347  983764  420     654     33.99
>C559357
[Domain 1]      7       289
F24113  723423  7       355     30.31
F24113  763025  3       293     30.58
F24113  867023  7       250     30.33
F24113  978947  7       286     32.98
F48213  213479  7       128     31.15
F48213  773093  7       122     34.48
F6107   874518  11      164     30.52
F50429  760628  81      199     39.5
[Domain 2]      321     434
F44347  419139  338     432     40.38
F44347  983764  304     437     37.76
>C799630
[Domain 1]      15      324
F48213  63001   17      117     51.49
F48213  213479  24      170     51.02
F48213  339145  18      115     32.65
F48213  414221  14      149     38.24
F48213  773093  17      162     55.48
F48213  786522  5       132     50.78
F48213  1046708 7       122     50
F48213  1055442 6       143     39.13
F24113  225724  17      271     46.09
F24113  590903  22      395     32.09
F24113  723423  18      394     38.79
F24113  763025  17      324     42.53
F24113  867023  8       290     56.18
F24113  978947  9       329     56.97
F24113  1059582 16      270     49.41
F6107   763702  55      159     55.24
F6107   789589  22      172     42.48
F6107   874518  53      206     46.5
F35306  901988  57      229     47.4
F50429  352487  125     304     57.78
F50429  760628  121     228     35.78
F50429  801869  111     292     46.99
F50429  1039226 150     263     36.84
[Domain 2]      361     409
F44347  419139  378     409     68.75
F44347  983764  344     409     62.12
>C102461
[Domain 1]      14      309
F24113  225724  14      279     34.59
F24113  723423  19      397     33.51
F24113  763025  14      326     35.14
F24113  867023  14      292     38.71
F24113  978947  7       331     36.81
F24113  1059582 13      255     32.92
F48213  63001   19      119     35.64
F48213  213479  23      172     37.33
F48213  414221  19      140     30.33
F48213  773093  8       164     34.78
F48213  786522  14      134     34.71
F48213  1046708 6       123     36.44
F48213  1055442 6       141     34.56
F6107   789589  22      182     33.74
F6107   874518  57      211     34.18
F35306  901988  58      226     36.1
F50429  352487  133     306     33.33
F50429  760628  135     234     33
F50429  801869  114     294     36.26
F50429  1039226 152     270     31.93
[Domain 2]      363     588
F44347  419139  380     596     32
F44347  983764  346     581     33.58
>C94033
[Domain 1]      15      323
F48213  63001   12      117     37.74
F48213  213479  22      168     42.86
F48213  339145  22      111     33.33
F48213  414221  15      147     37.59
F48213  773093  11      160     40.67
F48213  786522  11      130     38.33
F48213  1046708 16      111     45.83
F48213  1055442 15      141     37.79
F24113  225724  11      273     39.54
F24113  590903  20      394     32.27
F24113  723423  16      394     35.86
F24113  763025  11      323     38.1
F24113  867023  16      288     50.55
F24113  978947  16      327     50.64
F24113  1059582 9       267     43.24
F6107   763702  53      157     53.33
F6107   789589  19      173     37.58
F6107   874518  51      204     34.4
F35306  901988  55      227     38.73
F50429  352487  124     302     52.51
F50429  760628  122     230     40.91
F50429  801869  109     290     42.62
F50429  1039226 147     266     34.68
[Domain 2]      359     579
F44347  419139  376     585     32.52
F44347  983764  342     574     39.16
>C377041
[Domain 1]      16      313
F48213  63001   13      122     39.64
F48213  213479  26      174     44.29
F48213  339145  22      119     31.63
F48213  773093  8       166     42.14
F48213  786522  14      136     37.4
F48213  1046708 18      125     40.74
F48213  1055442 16      147     38.64
F24113  225724  22      281     35.38
F24113  723423  16      400     36.34
F24113  763025  15      335     34.89
F24113  867023  15      294     42.14
F24113  978947  19      333     40
F24113  1059582 18      273     37.89
F6107   763702  59      163     40
F6107   789589  25      184     35.58
F6107   874518  57      210     35.26
F35306  901988  61      230     36.47
F50429  352487  131     308     43.26
F50429  801869  115     296     37.16
[Domain 2]      365     576
F44347  419139  382     581     33.19
F44347  983764  348     571     36.68
>C247941
[Domain 1]      7       320
F24113  225724  7       270     47.37
F24113  590903  15      407     31.47
F24113  723423  4       409     30
F24113  763025  7       338     38.85
F24113  867023  11      283     37.96
F24113  978947  11      320     39.62
F24113  1059582 3       266     46.59
F48213  63001   7       110     49.04
F48213  213479  15      165     51.66
F48213  339145  17      108     34.78
F48213  414221  5       149     34.48
F48213  773093  3       155     50.98
F48213  786522  7       125     54.62
F48213  1046708 10      114     46.67
F48213  1055442 11      136     35.71
F6107   763702  50      151     34.31
F6107   789589  15      168     33.54
F6107   874518  46      208     36.2
F35306  901988  50      221     41.86
F50429  352487  118     298     32.97
F50429  801869  104     286     40.22
F50429  1039226 138     261     32.8
[Domain 2]      372     464
F44347  419139  389     465     45.46
F44347  983764  355     464     44.54
>C873971
[Domain 1]      12      294
F24113  225724  12      281     36.63
F24113  763025  12      335     32.72
F24113  867023  1       294     37.63
F24113  978947  1       332     38.02
F24113  1059582 12      276     38.87
F48213  63001   17      118     44.12
F48213  213479  24      174     43.05
F48213  414221  6       148     33.57
F48213  773093  12      150     44.6
F48213  786522  17      130     48.25
F48213  1046708 17      120     39.42
F48213  1055442 6       142     36.5
F35306  831912  20      177     31.65
F35306  901988  56      231     35.23
F6107   763702  55      150     38.54
F6107   789589  21      176     35.67
F6107   874518  52      210     39.62
F50429  352487  124     308     34.6
F50429  760628  120     232     35.4
F50429  801869  110     295     37.97
F50429  1039226 151     272     31.15
[Domain 2]      348     409
F44347  983764  348     409     48.39
>C221222
[Domain 1]      14      288
F24113  225724  14      236     30.57
F24113  590903  23      353     32.65
F24113  723423  19      354     32.02
F24113  867023  14      249     34.89
F24113  978947  7       288     31.9
F48213  213479  23      129     32.89
F48213  773093  8       121     30.62
F6107   874518  58      168     32.17
F35306  901988  62      183     33.61
F50429  352487  86      263     32.58
F50429  760628  92      187     34.38
F50429  801869  70      251     38.59
F50429  1039226 109     227     32.77
[Domain 2]      320     547
F44347  419139  337     555     33.33
F44347  983764  303     540     36.43
>C243566
[Domain 1]      14      331
F24113  225724  15      279     41.13
F24113  590903  24      395     34.14
F24113  723423  20      398     37.01
F24113  763025  7       334     35.98
F24113  867023  14      293     55.36
F24113  978947  12      331     47.21
F24113  1059582 7       265     44.79
F48213  63001   10      119     41.82
F48213  213479  27      172     46.58
F48213  339145  20      117     31.63
F48213  414221  14      151     34.06
F48213  773093  15      164     46.67
F48213  786522  15      134     47.5
F48213  1046708 13      123     48.65
F48213  1055442 13      145     39.85
F35306  831912  23      172     32.45
F35306  901988  59      228     41.76
F6107   763702  59      161     48.54
F6107   789589  24      172     40
F6107   874518  59      217     37.04
F50429  352487  127     306     43.89
F50429  760628  123     230     35.46
F50429  801869  113     294     41.53
F50429  1039226 152     271     35.83
[Domain 2]      363     590
F44347  419139  380     596     37.55
F44347  983764  346     585     43.87
